{
 "cells": [
  {
   "cell_type": "code",
   "execution_count": 92,
   "metadata": {},
   "outputs": [],
   "source": [
    "import pandas as pd\n",
    "import numpy as np"
   ]
  },
  {
   "cell_type": "markdown",
   "metadata": {},
   "source": [
    "Матрица попарных сравнений критериев."
   ]
  },
  {
   "cell_type": "code",
   "execution_count": 93,
   "metadata": {},
   "outputs": [],
   "source": [
    "criterion = {\"Цель\": [\"K1\", \"K2\", \"K3\", \"K4\", \"K5\", \"K6\", \"Sum Si\"],\n",
    "             \"K1\": [1, 0.33, 0.14, 0.13, 0.25, 0.11, 1.96],\n",
    "             \"K2\": [3, 1, 0.5, 0.33, 0.25, 0.14, 5.23],\n",
    "             \"K3\": [7, 2, 1, 0.5, 4, 0.17, 14.67],\n",
    "             \"K4\": [8, 3, 2, 1, 4, 0.33, 18.33],\n",
    "             \"K5\": [4, 4, 0.25, 0.25, 1, 0.14, 9.64],\n",
    "             \"K6\": [9, 7, 6, 3, 7, 1, 33],\n",
    "             \"Vi\": [4.2684, 1.9560, 0.7736, 0.5, 1.3831, 0.2239, 9.1050],\n",
    "             \"W2i\": [0.4688, 0.2148, 0.0850, 0.0549, 0.1519, 0.0246, 0],\n",
    "             \"Pi\": [0.9199, 1.1227, 1.2461, 1.0068, 1.4648, 0.8115, 6.5718]}\n",
    "\n",
    "cri = pd.DataFrame(data=criterion)"
   ]
  },
  {
   "cell_type": "code",
   "execution_count": 94,
   "metadata": {},
   "outputs": [
    {
     "data": {
      "text/html": [
       "<div>\n",
       "<style scoped>\n",
       "    .dataframe tbody tr th:only-of-type {\n",
       "        vertical-align: middle;\n",
       "    }\n",
       "\n",
       "    .dataframe tbody tr th {\n",
       "        vertical-align: top;\n",
       "    }\n",
       "\n",
       "    .dataframe thead th {\n",
       "        text-align: right;\n",
       "    }\n",
       "</style>\n",
       "<table border=\"1\" class=\"dataframe\">\n",
       "  <thead>\n",
       "    <tr style=\"text-align: right;\">\n",
       "      <th></th>\n",
       "      <th>Цель</th>\n",
       "      <th>K1</th>\n",
       "      <th>K2</th>\n",
       "      <th>K3</th>\n",
       "      <th>K4</th>\n",
       "      <th>K5</th>\n",
       "      <th>K6</th>\n",
       "      <th>Vi</th>\n",
       "      <th>W2i</th>\n",
       "      <th>Pi</th>\n",
       "    </tr>\n",
       "  </thead>\n",
       "  <tbody>\n",
       "    <tr>\n",
       "      <th>0</th>\n",
       "      <td>K1</td>\n",
       "      <td>1.00</td>\n",
       "      <td>3.00</td>\n",
       "      <td>7.00</td>\n",
       "      <td>8.00</td>\n",
       "      <td>4.00</td>\n",
       "      <td>9</td>\n",
       "      <td>4.2684</td>\n",
       "      <td>0.4688</td>\n",
       "      <td>0.9199</td>\n",
       "    </tr>\n",
       "    <tr>\n",
       "      <th>1</th>\n",
       "      <td>K2</td>\n",
       "      <td>0.33</td>\n",
       "      <td>1.00</td>\n",
       "      <td>2.00</td>\n",
       "      <td>3.00</td>\n",
       "      <td>4.00</td>\n",
       "      <td>7</td>\n",
       "      <td>1.9560</td>\n",
       "      <td>0.2148</td>\n",
       "      <td>1.1227</td>\n",
       "    </tr>\n",
       "    <tr>\n",
       "      <th>2</th>\n",
       "      <td>K3</td>\n",
       "      <td>0.14</td>\n",
       "      <td>0.50</td>\n",
       "      <td>1.00</td>\n",
       "      <td>2.00</td>\n",
       "      <td>0.25</td>\n",
       "      <td>6</td>\n",
       "      <td>0.7736</td>\n",
       "      <td>0.0850</td>\n",
       "      <td>1.2461</td>\n",
       "    </tr>\n",
       "    <tr>\n",
       "      <th>3</th>\n",
       "      <td>K4</td>\n",
       "      <td>0.13</td>\n",
       "      <td>0.33</td>\n",
       "      <td>0.50</td>\n",
       "      <td>1.00</td>\n",
       "      <td>0.25</td>\n",
       "      <td>3</td>\n",
       "      <td>0.5000</td>\n",
       "      <td>0.0549</td>\n",
       "      <td>1.0068</td>\n",
       "    </tr>\n",
       "    <tr>\n",
       "      <th>4</th>\n",
       "      <td>K5</td>\n",
       "      <td>0.25</td>\n",
       "      <td>0.25</td>\n",
       "      <td>4.00</td>\n",
       "      <td>4.00</td>\n",
       "      <td>1.00</td>\n",
       "      <td>7</td>\n",
       "      <td>1.3831</td>\n",
       "      <td>0.1519</td>\n",
       "      <td>1.4648</td>\n",
       "    </tr>\n",
       "    <tr>\n",
       "      <th>5</th>\n",
       "      <td>K6</td>\n",
       "      <td>0.11</td>\n",
       "      <td>0.14</td>\n",
       "      <td>0.17</td>\n",
       "      <td>0.33</td>\n",
       "      <td>0.14</td>\n",
       "      <td>1</td>\n",
       "      <td>0.2239</td>\n",
       "      <td>0.0246</td>\n",
       "      <td>0.8115</td>\n",
       "    </tr>\n",
       "    <tr>\n",
       "      <th>6</th>\n",
       "      <td>Sum Si</td>\n",
       "      <td>1.96</td>\n",
       "      <td>5.23</td>\n",
       "      <td>14.67</td>\n",
       "      <td>18.33</td>\n",
       "      <td>9.64</td>\n",
       "      <td>33</td>\n",
       "      <td>9.1050</td>\n",
       "      <td>0.0000</td>\n",
       "      <td>6.5718</td>\n",
       "    </tr>\n",
       "  </tbody>\n",
       "</table>\n",
       "</div>"
      ],
      "text/plain": [
       "     Цель    K1    K2     K3     K4    K5  K6      Vi     W2i      Pi\n",
       "0      K1  1.00  3.00   7.00   8.00  4.00   9  4.2684  0.4688  0.9199\n",
       "1      K2  0.33  1.00   2.00   3.00  4.00   7  1.9560  0.2148  1.1227\n",
       "2      K3  0.14  0.50   1.00   2.00  0.25   6  0.7736  0.0850  1.2461\n",
       "3      K4  0.13  0.33   0.50   1.00  0.25   3  0.5000  0.0549  1.0068\n",
       "4      K5  0.25  0.25   4.00   4.00  1.00   7  1.3831  0.1519  1.4648\n",
       "5      K6  0.11  0.14   0.17   0.33  0.14   1  0.2239  0.0246  0.8115\n",
       "6  Sum Si  1.96  5.23  14.67  18.33  9.64  33  9.1050  0.0000  6.5718"
      ]
     },
     "execution_count": 94,
     "metadata": {},
     "output_type": "execute_result"
    }
   ],
   "source": [
    "cri"
   ]
  },
  {
   "cell_type": "code",
   "execution_count": 95,
   "metadata": {},
   "outputs": [
    {
     "name": "stdout",
     "output_type": "stream",
     "text": [
      "[['K1', 'K2', 'K3', 'K4', 'K5', 'K6', 'Sum Si'], [1, 0.33, 0.14, 0.13, 0.25, 0.11, 1.96], [3, 1, 0.5, 0.33, 0.25, 0.14, 5.23], [7, 2, 1, 0.5, 4, 0.17, 14.67], [8, 3, 2, 1, 4, 0.33, 18.33], [4, 4, 0.25, 0.25, 1, 0.14, 9.64], [9, 7, 6, 3, 7, 1, 33], [4.2684, 1.956, 0.7736, 0.5, 1.3831, 0.2239, 9.105], [0.4688, 0.2148, 0.085, 0.0549, 0.1519, 0.0246, 0], [0.9199, 1.1227, 1.2461, 1.0068, 1.4648, 0.8115, 6.5718]]\n"
     ]
    }
   ],
   "source": [
    "string = list(criterion.keys())\n",
    "values = list(criterion.values())\n",
    "print(values)"
   ]
  },
  {
   "cell_type": "code",
   "execution_count": 103,
   "metadata": {},
   "outputs": [
    {
     "name": "stdout",
     "output_type": "stream",
     "text": [
      "[['K1', 'K2', 'K3', 'K4', 'K5', 'K6', 'Sum Si'], [1, 0.33, 0.14, 0.13, 0.25, 0.11, 1.96], [3, 1, 0.5, 0.33, 0.25, 0.14, 5.23], [7, 2, 1, 0.5, 4, 0.17, 14.67], [8, 3, 2, 1, 4, 0.33, 18.33], [4, 4, 0.25, 0.25, 1, 0.14, 9.64], [9, 7, 6, 3, 7, 1, 33], [4.2692, 1.9659, 0.771, 0.5008, 1.3878, 0.2239, 9.1186], [0.4688, 0.2148, 0.085, 0.0549, 0.1519, 0.0246, [...]], [0.9199, 1.1227, 1.2461, 1.0068, 1.4648, 0.8115, 6.5718]]\n"
     ]
    }
   ],
   "source": [
    "V = []\n",
    "\n",
    "for i in range(1, 7):\n",
    "    val_list = values[i]\n",
    "    Vi = 1\n",
    "    for j in range(0, 6):\n",
    "        Vi *= (1/val_list[j])\n",
    "    Vi = round(pow(Vi, 1/6), 4)\n",
    "    V.append(Vi)\n",
    "    values[7] = V\n",
    "\n",
    "values[7].append(round(sum(V), 4))\n",
    "    \n",
    "        \n",
    "print(values)"
   ]
  },
  {
   "cell_type": "code",
   "execution_count": null,
   "metadata": {},
   "outputs": [],
   "source": [
    "W = []\n",
    "\n",
    "for i in range(1, 7):\n",
    "    val_list = values[i]\n",
    "    Vi = 1\n",
    "    for j in range(0, 6):\n",
    "        Vi *= (1/val_list[j])\n",
    "    Vi = round(pow(Vi, 1/6), 4)\n",
    "    V.append(Vi)\n",
    "    values[7] = V\n",
    "\n",
    "values[7].append(round(sum(V), 4))"
   ]
  },
  {
   "cell_type": "code",
   "execution_count": 104,
   "metadata": {},
   "outputs": [
    {
     "data": {
      "text/html": [
       "<div>\n",
       "<style scoped>\n",
       "    .dataframe tbody tr th:only-of-type {\n",
       "        vertical-align: middle;\n",
       "    }\n",
       "\n",
       "    .dataframe tbody tr th {\n",
       "        vertical-align: top;\n",
       "    }\n",
       "\n",
       "    .dataframe thead th {\n",
       "        text-align: right;\n",
       "    }\n",
       "</style>\n",
       "<table border=\"1\" class=\"dataframe\">\n",
       "  <thead>\n",
       "    <tr style=\"text-align: right;\">\n",
       "      <th></th>\n",
       "      <th>Цель</th>\n",
       "      <th>K1</th>\n",
       "      <th>K2</th>\n",
       "      <th>K3</th>\n",
       "      <th>K4</th>\n",
       "      <th>K5</th>\n",
       "      <th>K6</th>\n",
       "      <th>Vi</th>\n",
       "      <th>W2i</th>\n",
       "      <th>Pi</th>\n",
       "    </tr>\n",
       "  </thead>\n",
       "  <tbody>\n",
       "    <tr>\n",
       "      <th>0</th>\n",
       "      <td>K1</td>\n",
       "      <td>1.00</td>\n",
       "      <td>3.00</td>\n",
       "      <td>7.00</td>\n",
       "      <td>8.00</td>\n",
       "      <td>4.00</td>\n",
       "      <td>9</td>\n",
       "      <td>4.2684</td>\n",
       "      <td>0.4688</td>\n",
       "      <td>0.9199</td>\n",
       "    </tr>\n",
       "    <tr>\n",
       "      <th>1</th>\n",
       "      <td>K2</td>\n",
       "      <td>0.33</td>\n",
       "      <td>1.00</td>\n",
       "      <td>2.00</td>\n",
       "      <td>3.00</td>\n",
       "      <td>4.00</td>\n",
       "      <td>7</td>\n",
       "      <td>1.9560</td>\n",
       "      <td>0.2148</td>\n",
       "      <td>1.1227</td>\n",
       "    </tr>\n",
       "    <tr>\n",
       "      <th>2</th>\n",
       "      <td>K3</td>\n",
       "      <td>0.14</td>\n",
       "      <td>0.50</td>\n",
       "      <td>1.00</td>\n",
       "      <td>2.00</td>\n",
       "      <td>0.25</td>\n",
       "      <td>6</td>\n",
       "      <td>0.7736</td>\n",
       "      <td>0.0850</td>\n",
       "      <td>1.2461</td>\n",
       "    </tr>\n",
       "    <tr>\n",
       "      <th>3</th>\n",
       "      <td>K4</td>\n",
       "      <td>0.13</td>\n",
       "      <td>0.33</td>\n",
       "      <td>0.50</td>\n",
       "      <td>1.00</td>\n",
       "      <td>0.25</td>\n",
       "      <td>3</td>\n",
       "      <td>0.5000</td>\n",
       "      <td>0.0549</td>\n",
       "      <td>1.0068</td>\n",
       "    </tr>\n",
       "    <tr>\n",
       "      <th>4</th>\n",
       "      <td>K5</td>\n",
       "      <td>0.25</td>\n",
       "      <td>0.25</td>\n",
       "      <td>4.00</td>\n",
       "      <td>4.00</td>\n",
       "      <td>1.00</td>\n",
       "      <td>7</td>\n",
       "      <td>1.3831</td>\n",
       "      <td>0.1519</td>\n",
       "      <td>1.4648</td>\n",
       "    </tr>\n",
       "    <tr>\n",
       "      <th>5</th>\n",
       "      <td>K6</td>\n",
       "      <td>0.11</td>\n",
       "      <td>0.14</td>\n",
       "      <td>0.17</td>\n",
       "      <td>0.33</td>\n",
       "      <td>0.14</td>\n",
       "      <td>1</td>\n",
       "      <td>0.2239</td>\n",
       "      <td>0.0246</td>\n",
       "      <td>0.8115</td>\n",
       "    </tr>\n",
       "    <tr>\n",
       "      <th>6</th>\n",
       "      <td>Sum Si</td>\n",
       "      <td>1.96</td>\n",
       "      <td>5.23</td>\n",
       "      <td>14.67</td>\n",
       "      <td>18.33</td>\n",
       "      <td>9.64</td>\n",
       "      <td>33</td>\n",
       "      <td>9.1050</td>\n",
       "      <td>0.0000</td>\n",
       "      <td>6.5718</td>\n",
       "    </tr>\n",
       "  </tbody>\n",
       "</table>\n",
       "</div>"
      ],
      "text/plain": [
       "     Цель    K1    K2     K3     K4    K5  K6      Vi     W2i      Pi\n",
       "0      K1  1.00  3.00   7.00   8.00  4.00   9  4.2684  0.4688  0.9199\n",
       "1      K2  0.33  1.00   2.00   3.00  4.00   7  1.9560  0.2148  1.1227\n",
       "2      K3  0.14  0.50   1.00   2.00  0.25   6  0.7736  0.0850  1.2461\n",
       "3      K4  0.13  0.33   0.50   1.00  0.25   3  0.5000  0.0549  1.0068\n",
       "4      K5  0.25  0.25   4.00   4.00  1.00   7  1.3831  0.1519  1.4648\n",
       "5      K6  0.11  0.14   0.17   0.33  0.14   1  0.2239  0.0246  0.8115\n",
       "6  Sum Si  1.96  5.23  14.67  18.33  9.64  33  9.1050  0.0000  6.5718"
      ]
     },
     "execution_count": 104,
     "metadata": {},
     "output_type": "execute_result"
    }
   ],
   "source": [
    "cri"
   ]
  },
  {
   "cell_type": "code",
   "execution_count": null,
   "metadata": {},
   "outputs": [],
   "source": []
  },
  {
   "cell_type": "code",
   "execution_count": 101,
   "metadata": {},
   "outputs": [],
   "source": [
    "data = {\"Название\":[\"СПбГЭТУ «ЛЭТИ»\", \"РХТУ им. Д. И. Менделеева\", \"СЗИУ РАНХиГС\", \"УрФУ\", \"НИТУ «МИСиС»\", \"МГТУ им. Баумана\", \"КФУ\", \"СФУ\",\n",
    "                    \"НИУ ВШЭ\", \"РТУ МИРЭА\"], \n",
    "        \"Баллы ЕГЭ, бюджет, min\":[10, 10, 15, 10, 15, 10, 10, 5, 15, 10], \n",
    "        \"Количество бюджетных мест, max\":[5, 5, 5, 15, 15, 15, 15, 15, 10, 15],\n",
    "        \"Баллы ЕГЭ, платное, min\":[10, 5, 15, 10, 15, 5, 5, 5, 15, 5], \n",
    "        \"Количество платных мест, max\":[10, 5, 10, 10, 10, 10, 5, 5, 15, 15],\n",
    "        \"Отзывы студентов, в 10-ти балной шкале, max\":[5, 10, 2, 2, 10, 10, 5, 5, 5, 10], \n",
    "        \"Количесво образовательных программ, max\":[3, 3, 3, 8, 5, 5, 8, 8, 3, 3]\n",
    "    }\n",
    "    \n",
    "df = pd.DataFrame(data=data)"
   ]
  }
 ],
 "metadata": {
  "interpreter": {
   "hash": "c18a34c74fdf3f8df73bee23f698c4ae47675747be0becf56ef25e0ef0ed0e7f"
  },
  "kernelspec": {
   "display_name": "Python 3.8.5 ('base')",
   "language": "python",
   "name": "python3"
  },
  "language_info": {
   "codemirror_mode": {
    "name": "ipython",
    "version": 3
   },
   "file_extension": ".py",
   "mimetype": "text/x-python",
   "name": "python",
   "nbconvert_exporter": "python",
   "pygments_lexer": "ipython3",
   "version": "3.8.5"
  },
  "orig_nbformat": 4
 },
 "nbformat": 4,
 "nbformat_minor": 2
}
